AHH	,2013, 10.452424251671994, 8.89000034332275,11.8500003814697,2.36401E7, 165
AHH	,2014, 9.569246027204725, 8.77999973297119,10.6499996185303,2.84431E7, 252
AHH	,2015, 10.421865107521176, 9.4399995803833,11.6000003814697,3.15469E7, 252
AHH	,2016, 12.690555568725342, 9.76000022888184,15.5,7.75019E7, 252
AHH	,2017, 13.951673321514965, 12.6599998474121,16.0100002288818,9.12181E7, 251
AHH	,2018, 14.334329256197298, 12.7299995422363,16.1700000762939,5.16425E7, 164
APO	,2011, 14.565364638964335, 8.85000038146973,19.0,1.056092E8, 192
APO	,2012, 13.970239990234376, 10.4200000762939,17.8500003814697,6.71341E7, 250
APO	,2013, 26.13531748453776, 17.7199993133545,34.8800010681152,2.626573E8, 252
APO	,2014, 26.892420655205136, 20.0200004577637,36.5099983215332,3.153217E8, 252
APO	,2015, 20.5334921110244, 14.1499996185303,25.7999992370605,2.617289E8, 252
APO	,2016, 16.974285651767065, 12.3500003814697,21.1700000762939,2.211917E8, 252
APO	,2017, 27.28318722789506, 19.3999996185303,34.0299987792969,3.041393E8, 251
APO	,2018, 32.75987797248654, 28.0,37.3499984741211,1.547018E8, 164
GTN	,2002, 9.642222251421138, 7.94999980926514,11.75,2.05419E7, 81
GTN	,2003, 11.773253978244844, 8.61999988555908,15.7600002288818,4.24358E7, 252
GTN	,2004, 13.957103180506872, 11.1999998092651,16.2199993133545,3.83927E7, 252
GTN	,2005, 12.19499997487144, 8.73999977111816,15.7399997711182,4.75379E7, 252
GTN	,2006, 7.102270918538371, 5.15000009536743,9.53999996185303,5.22933E7, 251
GTN	,2007, 9.083984090037555, 6.53000020980835,11.3299999237061,6.74763E7, 251
GTN	,2008, 3.353003956878138, 0.159999996423721,8.25,8.18614E7, 253
GTN	,2009, 0.9317460294280734, 0.280000001192093,3.5699999332428,1.392775E8, 252
GTN	,2010, 2.3558333345821927, 1.44000005722046,4.88000011444092,7.97793E7, 252
GTN	,2011, 2.0713888903458915, 1.30999994277954,2.95000004768372,5.3571E7, 252
GTN	,2012, 1.895760004043579, 1.3400000333786,2.5,4.6791E7, 250
GTN	,2013, 7.028293651247781, 2.25,15.1700000762939,1.819849E8, 252
GTN	,2014, 10.768809521009052, 7.15999984741211,14.9799995422363,1.55664E8, 252
GTN	,2015, 14.004047624648562, 9.17000007629395,18.0699996948242,2.071625E8, 252
GTN	,2016, 11.197936502714006, 7.0,16.2600002288818,2.138029E8, 252
GTN	,2017, 14.025378462802841, 9.94999980926514,17.5,2.522777E8, 251
GTN	,2018, 14.082621987273054, 10.6999998092651,17.7999992370605,1.838774E8, 164
GTT	,2006, 3.1866666362399148, 2.95000004768372,3.48000001907349,328700.0, 21
GTT	,2007, 1.9293103329653807, 1.01999998092651,3.54999995231628,6798400.0, 203
GTT	,2008, 0.5421323552727698, 0.259999990463257,1.10000002384186,4914600.0, 136
GTT	,2009, 0.389999985694885, 0.389999985694885,0.389999985694885,3000.0, 1
MHD	,1998, 15.71031746031746, 14.5,17.4375,5382600.0, 252
MHD	,1999, 14.424603174603174, 12.0625,17.0,7825500.0, 252
MHD	,2000, 12.454117063492063, 11.0625,13.6875,6672200.0, 252
MHD	,2001, 13.543421058037021, 11.75,14.8000001907349,7001600.0, 247
MHD	,2002, 13.659365078759572, 12.8500003814697,14.3500003814697,5150600.0, 252
MHD	,2003, 14.557658691254874, 13.3500003814697,15.4899997711182,5589300.0, 252
MHD	,2004, 15.366309533043513, 13.6000003814697,16.1599998474121,8526300.0, 252
MHD	,2005, 16.380793624454075, 15.3900003433228,17.2800006866455,6215400.0, 252
MHD	,2006, 16.314262941064108, 15.1700000762939,16.9899997711182,4571400.0, 251
MHD	,2007, 15.60011952996729, 13.9200000762939,16.7399997711182,5310100.0, 251
MHD	,2008, 13.473596829199508, 7.5,16.0699996948242,6884600.0, 253
MHD	,2009, 13.03563494530935, 9.82999992370605,15.1599998474121,6544400.0, 252
MHD	,2010, 15.707619065330142, 14.1599998474121,17.0499992370605,7278300.0, 252
MHD	,2011, 15.26821427875095, 13.8000001907349,17.0300006866455,5702500.0, 252
MHD	,2012, 18.24407998657227, 16.2000007629395,19.9899997711182,8556000.0, 250
MHD	,2013, 16.619246017365228, 14.1599998474121,19.7600002288818,1.18401E7, 252
MHD	,2014, 15.992976177306401, 14.4099998474121,17.2299995422363,9549800.0, 252
MHD	,2015, 16.821260850325874, 15.75,17.9899997711182,6589100.0, 230
PEZ	,2006, 26.29826916181124, 25.2000007629395,27.2000007629395,554500.0, 52
PEZ	,2007, 27.21096236735707, 23.5499992370605,29.6399993896484,5156000.0, 239
PEZ	,2008, 19.997579396717132, 12.1199998855591,23.6499996185303,4586200.0, 252
PEZ	,2009, 17.130682715450426, 11.789999961853,20.0799999237061,2849800.0, 249
PEZ	,2010, 22.163750002461096, 11.789999961853,26.1200008392334,2763000.0, 248
PEZ	,2011, 25.51927412709882, 21.0699996948242,28.5200004577637,1406900.0, 248
PEZ	,2012, 28.825778671952545, 21.5,31.0300006866455,1741500.0, 244
PEZ	,2013, 36.4468126790932, 30.0200004577637,41.810001373291,1832800.0, 251
PEZ	,2014, 41.621388904632084, 37.2000007629395,45.2900009155273,3673100.0, 252
PEZ	,2015, 46.26269849141439, 24.8899993896484,49.2299995422363,1.05557E7, 252
PEZ	,2016, 41.8230518489689, 36.0299987792969,44.8899993896484,7898700.0, 154
RRC	,1998, 6.947420442388171, 1.91666996479034,11.6666698455811,5.48088E7, 252
RRC	,1999, 2.6987432515810412, 1.04166996479034,4.75,7.56743E7, 252
RRC	,2000, 2.272486587601995, 0.958329975605011,4.66666984558105,1.239816E8, 252
RRC	,2001, 3.5835014956612743, 2.61999988555908,4.75,1.222217E8, 248
RRC	,2002, 3.3219313034935603, 2.68667006492615,3.97333002090454,5.37563E7, 252
RRC	,2003, 4.45058222233303, 3.33332991600037,6.57332992553711,6.7737E7, 252
RRC	,2004, 9.288006083578127, 6.25333023071289,13.9333295822144,1.588915E8, 234
AAPL	,1998, 1.0916019862606414, 0.482142865657806,1.5625,2.87985488E10, 252
AAPL	,1999, 1.3422034127371647, 1.14285719394684,1.68973219394684,9.2533728E9, 70
BRFS	,2000, 1.1290064133130584, 1.03125,1.25,417600.0, 13
BRFS	,2001, 1.00720376657403, 0.654166638851166,1.375,6285600.0, 115
BRFS	,2002, 0.8127688158263444, 0.420833319425583,1.19166672229767,9433200.0, 186
BRFS	,2003, 0.8017023787612005, 0.429166674613953,1.45666670799255,1.25568E7, 210
BRFS	,2004, 2.12989583178874, 1.27916669845581,3.71250009536743,3.00372E7, 248
BRFS	,2005, 4.0577643923012605, 2.75,6.02083349227905,3.1038E7, 249
BRFS	,2006, 5.5800896403324085, 3.70000004768372,7.40416669845581,6.10212E7, 251
BRFS	,2007, 9.184183259409261, 5.6100001335144,14.4975004196167,9.21736E7, 251
BRFS	,2008, 11.358043467103258, 5.21500015258789,16.7024993896484,1.80808E8, 253
BRFS	,2009, 9.83527780525268, 5.37750005722046,14.2700004577637,2.75476E8, 252
BRFS	,2010, 13.814890869080074, 11.25,17.0499992370605,2.922286E8, 252
BRFS	,2011, 18.524999985619196, 15.3299999237061,21.6800003051758,4.870843E8, 252
BRFS	,2012, 17.90664000701904, 13.6099996566772,21.7000007629395,4.806295E8, 250
BRFS	,2013, 22.744523873404855, 19.7000007629395,26.3500003814697,3.589081E8, 252
BRFS	,2014, 22.531511120266384, 16.4799995422363,27.2099990844727,3.34836E8, 225
CLWT	,1998, 8.701066780626103, 4.61690998077393,11.752140045166,790500.0, 178
CLWT	,1999, 2.81322748560301, 0.734510004520416,7.05128002166748,726800.0, 142
CLWT	,2000, 4.051808397820655, 1.38506996631622,30.7234401702881,2134600.0, 235
CLWT	,2001, 4.239974899155101, 1.57395005226135,6.18095016479492,272500.0, 209
CLWT	,2002, 3.927449025426592, 2.69761991500854,5.00237989425659,52500.0, 70
CRCM	,2014, 12.219071736315634, 7.28999996185303,29.25,5.28576E7, 237
CRCM	,2015, 6.565158724784851, 4.8899998664856,8.5,2.76051E7, 252
CRCM	,2016, 8.342777772555275, 4.90000009536743,12.0,3.07941E7, 252
CRCM	,2017, 14.07450195327698, 8.05000019073486,20.8799991607666,5.91691E7, 251
CRCM	,2018, 18.855548783046444, 15.1400003433228,22.9500007629395,3.84427E7, 164
EGHT	,1998, 5.267852772322912, 1.75,14.5,1.142703E8, 252
EGHT	,1999, 4.503463082843357, 2.75,7.5625,5.53905E7, 252
EGHT	,2000, 11.421623410213561, 1.375,37.9687004089355,9.66326E7, 252
EGHT	,2001, 1.3322862903437307, 0.531199991703033,4.8125,2.48595E7, 248
EGHT	,2002, 0.6190079352448857, 0.189999997615814,1.35000002384186,9600000.0, 252
EGHT	,2003, 1.2652777810654943, 0.170000001788139,8.0600004196167,2.886436E8, 252
EGHT	,2004, 3.0994444404329573, 1.32000005245209,5.8899998664856,3.655038E8, 252
EGHT	,2005, 2.0269841244296423, 1.02999997138977,4.11999988555908,2.916131E8, 252
EGHT	,2006, 1.394741033652864, 0.649999976158142,2.16000008583069,1.91169E8, 251
EGHT	,2007, 1.384999990463258, 1.12000000476837,1.66999995708466,1.75828E7, 14
FLWS	,1999, 14.731426418952221, 10.25,23.1875,6.31469E7, 106
FLWS	,2000, 6.249189679584806, 2.54679989814758,13.0,4.09001E7, 252
FLWS	,2001, 10.052836298942564, 4.125,16.5,4.29701E7, 248
FLWS	,2002, 10.377976203721667, 4.75,17.8600006103516,4.13155E7, 252
FLWS	,2003, 8.51166666500152, 5.6100001335144,12.1400003433228,4.3423E7, 252
FLWS	,2004, 8.9575000130941, 7.01000022888184,11.5,5.27018E7, 252
FLWS	,2005, 7.181904789001223, 5.82999992370605,8.55000019073486,5.12321E7, 252
FLWS	,2006, 6.007011968301112, 4.32999992370605,7.90000009536743,5.57598E7, 251
FLWS	,2007, 9.211314744683376, 5.84000015258789,13.4200000762939,7.97952E7, 251
FLWS	,2008, 6.510869573698685, 2.5,9.26000022888184,6.72461E7, 253
FLWS	,2009, 2.7286904752254486, 0.850000023841858,4.88000011444092,3.86847E7, 252
FLWS	,2010, 2.2791269814211224, 1.51999998092651,3.66000008583069,5.53444E7, 252
FLWS	,2011, 2.7225396775064015, 2.07999992370605,3.83999991416931,4.16303E7, 252
FLWS	,2012, 3.240680008888244, 2.20000004768372,4.11999988555908,3.17339E7, 250
FLWS	,2013, 5.3330158685881, 3.45000004768372,7.17000007629395,4.32975E7, 252
FLWS	,2014, 6.222460315341041, 4.65000009536743,9.3100004196167,5.21356E7, 252
FLWS	,2015, 9.64750000976381, 6.80000019073486,13.460000038147,1.145911E8, 252
FLWS	,2016, 8.698253945698815, 6.1100001335144,11.3999996185303,6.47224E7, 252
FLWS	,2017, 9.889840623772002, 7.80000019073486,11.6499996185303,3.95217E7, 251
FLWS	,2018, 11.311111026340065, 10.6999998092651,11.8999996185303,1490000.0, 9
GHDX	,2005, 9.941846157954291, 8.5600004196167,12.25,8050900.0, 65
GHDX	,2006, 13.570637448375443, 9.07999992370605,24.2999992370605,3.76149E7, 251
GHDX	,2007, 19.728645457689506, 14.75,26.1700000762939,5.2396E7, 251
GHDX	,2008, 20.364664024986297, 16.0,27.0200004577637,5.10224E7, 253
GHDX	,2009, 19.95845239503043, 15.8100004196167,27.2199993133545,3.76693E7, 252
GHDX	,2010, 16.289404800959996, 11.9399995803833,23.7199993133545,3.77751E7, 252
GHDX	,2011, 24.79444447017851, 19.0,29.3400001525879,3.53753E7, 252
GHDX	,2012, 31.25108004760742, 25.25,37.439998626709,4.73072E7, 250
GHDX	,2013, 31.684880930279927, 26.25,38.9900016784668,4.66304E7, 252
GHDX	,2014, 28.94595240032862, 23.8999996185303,37.7400016784668,4.35768E7, 252
GHDX	,2015, 28.093452377924844, 20.0499992370605,35.5800018310547,4.99289E7, 252
GHDX	,2016, 28.08623014177595, 22.0,35.7900009155273,5.11544E7, 252
GHDX	,2017, 31.177330693400712, 26.3700008392334,37.5,3.18883E7, 251
GHDX	,2018, 40.77597573908364, 30.0400009155273,59.4900016784668,4.06539E7, 164
ISTR	,2014, 13.796088050842284, 13.0,19.0,2436400.0, 125
ISTR	,2015, 15.687628212138119, 13.3500003814697,18.0,1734800.0, 234
ISTR	,2016, 15.828294148966044, 13.6300001144409,19.7000007629395,2277100.0, 238
ISTR	,2017, 22.304839958190918, 18.3059997558594,24.6000003814697,5097700.0, 250
ISTR	,2018, 26.225914641124447, 23.1000003814697,29.8999996185303,2646200.0, 164
RAVN	,1998, 1.8262310515750544, 1.78125,1.89583337306976,803200.0, 22
VIAV	,1998, 27.897692642514667, 17.7758808135986,40.6712188720703,2.804906E8, 252
VIAV	,1999, 118.09103629702612, 33.7030715942383,403.868041992188,5.080812E8, 252
VIAV	,2000, 458.05794361659457, 168.373153686523,698.165405273438,1.3134902E9, 252
VIAV	,2001, 85.11209935526693, 23.2992038726807,295.506256103516,1.9181946E9, 248
VIAV	,2002, 18.075554830687388, 7.18998861312866,47.0534706115723,1.4889184E9, 252
VIAV	,2003, 12.977749602739202, 11.2855520248413,16.0182018280029,2.500083E8, 43
AMSWA	,1998, 5.753406346790374, 1.875,10.75,3.36935E7, 252
AMSWA	,1999, 3.4361293561874873, 2.125,12.0,2.35252E7, 252
AMSWA	,2000, 7.08369841130953, 1.34370005130768,24.4375,6.88193E7, 252
AMSWA	,2001, 1.720555939874449, 1.05999994277954,2.59369993209839,6730300.0, 143
